<?xml version="1.0"?>
<opencv_storage>
<obj>
  <_><id>1</id>
    <height>5.9011578559875488e-02</height>
    <contour2d>
      5.81389248e-01 -2.56655030e-02 5.79137981e-01 -1.80484094e-02
      5.65543830e-01 9.55590513e-03 5.64395845e-01 1.11171342e-02
      5.60960650e-01 1.11274235e-02 5.28007030e-01 1.61720184e-03
      5.18122852e-01 -1.14642279e-02 5.15033603e-01 -2.16801092e-02
      5.15060306e-01 -3.04016415e-02 5.16144514e-01 -3.76662947e-02
      5.18346727e-01 -4.35815752e-02 5.24715841e-01 -5.22854291e-02
      5.27953267e-01 -5.50055429e-02 5.62212825e-01 -6.14356101e-02
      5.77237427e-01 -4.26283181e-02 5.79544127e-01 -3.79513390e-02
      5.80690444e-01 -3.31806578e-02</contour2d>
    <histogram type_id="opencv-matrix">
      <rows>20</rows>
      <cols>1</cols>
      <dt>f</dt>
      <data>
        0. 0. 7.00770819e-04 5.60616665e-02 8.87175858e-01
        3.15346867e-02 4.20462480e-03 3.50385415e-03 0. 0.
        7.00770819e-04 2.10231240e-03 0. 0. 0. 0. 0. 0. 0.
        1.40154166e-02</data></histogram></_>
  <_><id>2</id>
    <height>6.2768757343292236e-02</height>
    <contour2d>
      5.71556330e-01 -8.83777067e-03 5.66940367e-01 -5.79188950e-03
      5.59556305e-01 -1.28008320e-03 5.49377382e-01 1.68274855e-03
      5.37564993e-01 1.64654024e-03 5.27630627e-01 -2.73427577e-03
      5.23745716e-01 -7.20079336e-03 5.16150832e-01 -2.17322595e-02
      5.15126526e-01 -3.48490588e-02 5.16259193e-01 -4.07746136e-02
      5.21383941e-01 -5.62448725e-02 5.24606943e-01 -5.90587556e-02
      5.31425714e-01 -6.44093752e-02 5.52023053e-01 -6.70119897e-02
      5.59758306e-01 -6.71480298e-02 5.72575867e-01 -5.77133931e-02
      5.78395724e-01 -4.26247604e-02 5.80100358e-01 -3.77325304e-02
      5.81389248e-01 -2.56655030e-02 5.77159643e-01 -1.72592346e-02</contour2d>
    <histogram type_id="opencv-matrix">
      <rows>20</rows>
      <cols>1</cols>
      <dt>f</dt>
      <data>
        0. 6.92520756e-04 0. 9.00276974e-02 8.31024885e-01
        2.77008303e-02 6.92520756e-03 4.84764529e-03 6.92520756e-04
        4.84764529e-03 3.46260378e-03 3.46260378e-03 2.77008303e-03 0.
        0. 0. 0. 0. 0. 2.35457048e-02</data></histogram></_>
  <_><id>3</id>
    <height>5.8285474777221680e-02</height>
    <contour2d>
      5.80004215e-01 5.43874279e-02 5.76171935e-01 5.46708778e-02
      5.41830540e-01 3.44410650e-02 5.37390769e-01 2.38927715e-02
      5.35298228e-01 1.79920737e-02 5.33111334e-01 6.08218182e-03
      5.33134103e-01 -1.33334973e-03 5.34280598e-01 -4.30998439e-03
      5.46219110e-01 -2.25848649e-02 5.76794565e-01 -2.44796239e-02
      5.81683576e-01 -2.17415541e-02 5.85931480e-01 -1.80727225e-02
      5.89919031e-01 -1.40836406e-02 5.95822632e-01 -6.20710524e-03
      5.96998394e-01 -3.00106429e-03 6.00083172e-01 9.60114039e-03
      6.00059330e-01 1.73640046e-02 5.97055674e-01 2.34921984e-02</contour2d>
    <histogram type_id="opencv-matrix">
      <rows>20</rows>
      <cols>1</cols>
      <dt>f</dt>
      <data>
        0. 0. 6.76132506e-04 4.32724804e-02 9.10074353e-01
        3.51588912e-02 1.35226501e-03 1.35226501e-03 1.35226501e-03
        6.76132506e-04 1.35226501e-03 0. 0. 0. 0. 0. 0. 0. 0.
        4.73292731e-03</data></histogram></_>
  <_><id>4</id>
    <height>6.8281590938568115e-02</height>
    <contour2d>
      5.64729273e-01 2.73857135e-02 5.29936135e-01 2.85692941e-02
      5.28709173e-01 2.83154771e-02 5.19156456e-01 1.90332439e-02
      5.13693273e-01 1.02323946e-02 5.09498119e-01 3.00363707e-03
      5.09394765e-01 -4.18479042e-03 5.10231912e-01 -1.12695694e-02
      5.11195898e-01 -1.55023430e-02 5.20267785e-01 -2.83468850e-02
      5.38509309e-01 -5.11716232e-02 5.68527937e-01 -2.66428832e-02
      5.74254096e-01 -1.55869946e-02 5.76538742e-01 -9.27241798e-03
      5.77077508e-01 -6.09088875e-03 5.77637553e-01 8.07686988e-03
      5.77067256e-01 1.28666060e-02</contour2d>
    <histogram type_id="opencv-matrix">
      <rows>20</rows>
      <cols>1</cols>
      <dt>f</dt>
      <data>
        6.39795267e-04 1.27959053e-03 1.91938574e-03 1.63787588e-01
        6.96737051e-01 6.65387064e-02 2.17530392e-02 1.02367243e-02
        8.95713363e-03 7.67754298e-03 4.47856681e-03 6.39795267e-04
        6.39795267e-04 0. 0. 0. 6.39795267e-04 0. 0. 1.40754962e-02</data></histogram></_></obj>
</opencv_storage>
