<?xml version="1.0"?>
<opencv_storage>
<obj>
  <_><id>1</id>
    <height>1.0945844650268555e-01</height>
    <contour2d>
      5.41460395e-01 -3.08554191e-02 5.19370973e-01 -3.04648336e-02
      5.16424298e-01 -3.07724569e-02 5.15279293e-01 -3.49057615e-02
      5.10582983e-01 -6.08000867e-02 5.09907186e-01 -7.92213455e-02
      5.10062099e-01 -8.01013783e-02 5.13099849e-01 -8.14761668e-02
      5.33195198e-01 -8.29775557e-02 5.40159822e-01 -8.32687914e-02
      5.44461071e-01 -7.77885318e-02 5.45475841e-01 -7.06911013e-02
      5.46638250e-01 -5.23743108e-02 5.44588983e-01 -4.07413952e-02
      5.43543220e-01 -3.65036577e-02</contour2d>
    <histogram type_id="opencv-matrix">
      <rows>20</rows>
      <cols>1</cols>
      <dt>f</dt>
      <data>
        1.88764051e-01 2.09737837e-01 2.14232206e-01 2.77153552e-02
        5.24344575e-03 1.49812736e-03 0. 0. 0. 2.24719103e-03
        1.04868915e-02 2.99625471e-03 2.24719103e-03 1.49812736e-03
        1.04868915e-02 2.02247202e-02 2.92134844e-02 6.06741570e-02 0.
        2.12734088e-01</data></histogram></_>
  <_><id>2</id>
    <height>1.0694843530654907e-01</height>
    <contour2d>
      5.40074289e-01 -8.78626481e-02 5.41923285e-01 -8.58720616e-02
      5.55550516e-01 -5.99067286e-02 5.56773365e-01 -5.71798682e-02
      5.55710912e-01 -5.28744459e-02 5.54652870e-01 -5.00052236e-02
      5.31829774e-01 -2.71114185e-02 5.28347075e-01 -2.56700851e-02
      5.22849321e-01 -2.38442626e-02 5.06628811e-01 -4.52724621e-02
      5.05963624e-01 -5.93120903e-02 5.29223502e-01 -8.17845240e-02
      5.36472619e-01 -8.70261863e-02 5.39002180e-01 -8.78659412e-02</contour2d>
    <histogram type_id="opencv-matrix">
      <rows>20</rows>
      <cols>1</cols>
      <dt>f</dt>
      <data>
        2.90856719e-01 2.95176387e-01 1.73506111e-01 5.75953908e-03 0.
        0. 0. 0. 0. 0. 0. 0. 0. 1.43988477e-03 0. 5.03959693e-03
        2.59179249e-02 7.48740062e-02 0. 1.27429798e-01</data></histogram></_>
  <_><id>3</id>
    <height>1.0648757219314575e-01</height>
    <contour2d>
      5.71150005e-01 -3.01530976e-02 5.62192917e-01 -1.70967225e-02
      5.57401180e-01 -1.17658051e-02 5.54831207e-01 -1.01654669e-02
      5.52578926e-01 -1.14835603e-02 5.23497581e-01 -4.04934995e-02
      5.22481024e-01 -4.33030911e-02 5.22637725e-01 -4.62271906e-02
      5.23507118e-01 -4.79351394e-02 5.27801991e-01 -5.46515621e-02
      5.39371252e-01 -7.06803948e-02 5.44013083e-01 -7.06662387e-02
      5.45088589e-01 -7.04371780e-02 5.66787243e-01 -5.03431261e-02
      5.69944501e-01 -4.59935069e-02 5.70979118e-01 -3.87570746e-02</contour2d>
    <histogram type_id="opencv-matrix">
      <rows>20</rows>
      <cols>1</cols>
      <dt>f</dt>
      <data>
        3.52901012e-01 2.26621151e-01 1.33788392e-01 1.63822528e-02
        3.41296918e-03 6.82593847e-04 0. 0. 0. 0. 6.82593847e-04
        1.36518769e-03 1.36518769e-03 1.36518769e-03 2.73037539e-03
        5.46075078e-03 2.93515362e-02 6.48464188e-02 0. 1.59044370e-01</data></histogram></_>
  <_><id>4</id>
    <height>1.0810244083404541e-01</height>
    <contour2d>
      5.50925195e-01 -3.39576304e-02 5.16439319e-01 -3.11319325e-02
      5.14500201e-01 -3.36786248e-02 5.11769176e-01 -6.92887828e-02
      5.13650060e-01 -7.04917461e-02 5.18025994e-01 -7.22323582e-02
      5.46881080e-01 -7.38927126e-02 5.50005972e-01 -7.38831237e-02
      5.52269936e-01 -7.26310164e-02 5.55393636e-01 -6.97628409e-02
      5.57604373e-01 -4.70056459e-02 5.57595611e-01 -4.41401489e-02
      5.53204536e-01 -3.68960537e-02</contour2d>
    <histogram type_id="opencv-matrix">
      <rows>20</rows>
      <cols>1</cols>
      <dt>f</dt>
      <data>
        3.75672758e-01 1.77610323e-01 9.68783628e-03 1.07642624e-03
        1.07642624e-03 1.07642624e-03 0. 0. 0. 1.07642624e-03
        6.45855721e-03 9.68783628e-03 1.29171144e-02 9.68783628e-03
        8.61140992e-03 2.69106552e-02 4.84391823e-02 9.36490819e-02 0.
        2.16361672e-01</data></histogram></_></obj>
</opencv_storage>
