<?xml version="1.0"?>
<opencv_storage>
<heightErrorThres>1.0000000000000000e-02</heightErrorThres>
<shapeErrorThres>2.0000000000000001e-01</shapeErrorThres>
<colorErrorsVec>5.9999999999999998e-01</colorErrorsVec>
</opencv_storage>
