<?xml version="1.0"?>
<opencv_storage>
<obj>
  <_><id>1</id>
    <height>2.0640355348587036e-01</height>
    <contour2d>
      8.37831259e-01 1.72075018e-01 8.35032582e-01 1.82875127e-01
      8.32369804e-01 1.88877553e-01 8.24317694e-01 1.97196960e-01
      8.13731670e-01 2.01842815e-01 8.08504879e-01 2.02572599e-01
      7.97324896e-01 2.02723101e-01 7.93878496e-01 2.01686978e-01
      7.88274586e-01 1.98769823e-01 7.82993078e-01 1.94534689e-01
      7.78903544e-01 1.89672872e-01 7.75771499e-01 1.83884114e-01
      7.73863733e-01 1.77888170e-01 7.73179829e-01 1.71479493e-01
      7.73739159e-01 1.64920911e-01 7.75560856e-01 1.58690333e-01
      7.78548121e-01 1.52977958e-01 7.82619119e-01 1.47945523e-01
      7.87508786e-01 1.43848926e-01 7.93126941e-01 1.40736759e-01
      7.99190640e-01 1.38824806e-01 8.05678010e-01 1.38077661e-01
      8.12141836e-01 1.38637632e-01 8.13992918e-01 1.39496937e-01
      8.19062948e-01 1.42750666e-01 8.29739034e-01 1.50315121e-01
      8.32416832e-01 1.53816387e-01 8.35101366e-01 1.58928886e-01
      8.37824702e-01 1.70472562e-01</contour2d>
    <histogram type_id="opencv-matrix">
      <rows>20</rows>
      <cols>1</cols>
      <dt>f</dt>
      <data>
        0. 4.36053611e-02 2.67965905e-02 7.17661381e-01 2.38733254e-02
        5.84652880e-03 0. 0. 0. 0. 0. 0. 0. 0. 0. 0. 0. 0. 0.
        1.82216808e-01</data></histogram></_>
  <_><id>2</id>
    <height>2.0469814538955688e-01</height>
    <contour2d>
      4.66654778e-01 1.54403001e-01 4.65238661e-01 1.63288057e-01
      4.63845730e-01 1.67611450e-01 4.62466627e-01 1.70792997e-01
      4.59703803e-01 1.74859315e-01 4.56948936e-01 1.77771494e-01
      4.46119756e-01 1.84820190e-01 4.42124337e-01 1.86316207e-01
      4.34215248e-01 1.87059075e-01 4.24990326e-01 1.86265424e-01
      4.22578245e-01 1.85874268e-01 4.17034864e-01 1.83267683e-01
      4.12241429e-01 1.79540887e-01 4.08078223e-01 1.74765691e-01
      4.04711932e-01 1.68904930e-01 4.02667373e-01 1.62864089e-01
      4.01811063e-01 1.56410053e-01 4.02241439e-01 1.49945602e-01
      4.03915554e-01 1.43702507e-01 4.06854302e-01 1.37802050e-01
      4.10615593e-01 1.32913426e-01 4.15628880e-01 1.28486365e-01
      4.21202570e-01 1.25280142e-01 4.27563936e-01 1.23169683e-01
      4.33603674e-01 1.22401945e-01 4.40037042e-01 1.22795768e-01
      4.44853693e-01 1.24052674e-01 4.46247429e-01 1.24536246e-01
      4.52873170e-01 1.28245294e-01 4.57006991e-01 1.32642537e-01
      4.61119682e-01 1.37708515e-01 4.63880897e-01 1.42624229e-01
      4.65253413e-01 1.47362590e-01</contour2d>
    <histogram type_id="opencv-matrix">
      <rows>20</rows>
      <cols>1</cols>
      <dt>f</dt>
      <data>
        0. 4.59598452e-02 1.92467216e-02 5.52679598e-01 2.19014436e-02
        7.96416122e-03 1.32736017e-03 0. 0. 0. 0. 0. 0. 0. 0. 0. 0. 0.
        6.63680083e-04 3.50257158e-01</data></histogram></_></obj>
</opencv_storage>
