<?xml version="1.0"?>
<opencv_storage>
<obj>
  <_><id>1</id>
    <height>2.0561838150024414e-01</height>
    <contour2d>
      8.32520485e-01 1.61346287e-01 8.32503974e-01 1.78666219e-01
      8.29773843e-01 1.84618220e-01 8.27103674e-01 1.88991070e-01
      8.21780622e-01 1.94559783e-01 8.08595657e-01 2.00548142e-01
      8.03429544e-01 2.01380715e-01 7.93952882e-01 2.01599970e-01
      7.90348291e-01 2.00563565e-01 7.84700215e-01 1.97630778e-01
      7.79243946e-01 1.93284243e-01 7.75099158e-01 1.88371137e-01
      7.71950662e-01 1.82682633e-01 7.69961298e-01 1.76427022e-01
      7.69280136e-01 1.70205265e-01 7.69828498e-01 1.63595513e-01
      7.71634281e-01 1.57364473e-01 7.74609625e-01 1.51647583e-01
      7.78654575e-01 1.46612376e-01 7.83567131e-01 1.42479897e-01
      7.89284348e-01 1.39306098e-01 7.95455992e-01 1.37366638e-01
      8.01556408e-01 1.36698559e-01 8.08111668e-01 1.37203440e-01
      8.09618533e-01 1.37669072e-01 8.19266975e-01 1.42735392e-01
      8.24480057e-01 1.47935241e-01 8.29849184e-01 1.54767320e-01</contour2d>
    <histogram type_id="opencv-matrix">
      <rows>20</rows>
      <cols>1</cols>
      <dt>f</dt>
      <data>
        0. 4.30356301e-02 2.89217960e-02 7.20962524e-01 2.36001853e-02
        5.55298477e-03 0. 0. 0. 0. 0. 0. 0. 0. 0. 0. 0. 0. 0.
        1.77926883e-01</data></histogram></_>
  <_><id>2</id>
    <height>2.0696264505386353e-01</height>
    <contour2d>
      7.15140700e-01 -6.05803505e-02 7.13123322e-01 -5.31806797e-02
      7.11026549e-01 -4.87026647e-02 7.06726551e-01 -4.26751822e-02
      7.02442408e-01 -3.81278433e-02 6.89879060e-01 -3.17998715e-02
      6.78504884e-01 -3.12823243e-02 6.76722586e-01 -3.13469917e-02
      6.71396792e-01 -3.28067318e-02 6.68083191e-01 -3.43571156e-02
      6.65272772e-01 -3.59189808e-02 6.60957634e-01 -3.90985087e-02
      6.56562448e-01 -4.39479873e-02 6.53613091e-01 -4.88408469e-02
      6.51092947e-01 -5.54340519e-02 6.50110722e-01 -6.20871857e-02
      6.50453448e-01 -6.84304312e-02 6.51799142e-01 -7.40001500e-02
      6.52488470e-01 -7.57745206e-02 6.54783607e-01 -8.05771053e-02
      6.58654809e-01 -8.57811421e-02 6.63371623e-01 -9.00873840e-02
      6.68720186e-01 -9.33071077e-02 6.75121486e-01 -9.56613123e-02
      6.77320957e-01 -9.60818902e-02 6.84299469e-01 -9.55710262e-02
      6.93217993e-01 -9.35376287e-02 7.04797268e-01 -8.73675570e-02
      7.09606588e-01 -8.19761306e-02 7.12080836e-01 -7.78168067e-02
      7.14711308e-01 -7.07424656e-02</contour2d>
    <histogram type_id="opencv-matrix">
      <rows>20</rows>
      <cols>1</cols>
      <dt>f</dt>
      <data>
        0. 1.15052164e-01 3.54694501e-02 3.56482863e-01 5.18628918e-02
        2.26527583e-02 1.34128174e-02 0. 0. 0. 0. 0. 0. 0. 0. 0. 0. 0.
        1.78837567e-03 4.03278708e-01</data></histogram></_>
  <_><id>3</id>
    <height>2.0564937591552734e-01</height>
    <contour2d>
      6.77863479e-01 -1.15038067e-01 6.76840484e-01 -1.05332881e-01
      6.73976779e-01 -9.83450413e-02 6.71443105e-01 -9.41486061e-02
      6.69051528e-01 -9.13433358e-02 6.56038642e-01 -8.21390525e-02
      6.49644673e-01 -8.01304206e-02 6.48188889e-01 -7.99130723e-02
      6.43453062e-01 -7.98840299e-02 6.36893034e-01 -8.11951011e-02
      6.31039500e-01 -8.35825354e-02 6.25617266e-01 -8.71871561e-02
      6.21057391e-01 -9.17058438e-02 6.17313921e-01 -9.72804651e-02
      6.14684582e-01 -1.03473112e-01 6.13392234e-01 -1.09724715e-01
      6.13335490e-01 -1.16198227e-01 6.14514053e-01 -1.22342572e-01
      6.16961479e-01 -1.28481254e-01 6.20272756e-01 -1.33578852e-01
      6.25014007e-01 -1.38491064e-01 6.30255580e-01 -1.42065093e-01
      6.34788692e-01 -1.44063637e-01 6.38608634e-01 -1.45190284e-01
      6.44172728e-01 -1.45448253e-01 6.53867126e-01 -1.43870503e-01
      6.59733593e-01 -1.41515478e-01 6.67498767e-01 -1.36520654e-01
      6.71272516e-01 -1.32620916e-01 6.73095107e-01 -1.29971474e-01
      6.76435232e-01 -1.21871814e-01</contour2d>
    <histogram type_id="opencv-matrix">
      <rows>20</rows>
      <cols>1</cols>
      <dt>f</dt>
      <data>
        0. 4.17618938e-02 2.38936208e-02 6.49283171e-01 2.36858502e-02
        6.44088909e-03 3.73987108e-03 0. 0. 0. 0. 0. 0. 0. 0. 0. 0. 0.
        1.03885308e-03 2.50155807e-01</data></histogram></_>
  <_><id>4</id>
    <height>2.0631849765777588e-01</height>
    <contour2d>
      6.02710128e-01 5.61549142e-03 6.04398429e-01 1.23070218e-02
      6.03998959e-01 2.42750738e-02 6.01870060e-01 3.08429562e-02
      5.99831641e-01 3.47391106e-02 5.97828269e-01 3.72986197e-02
      5.93888342e-01 4.10745479e-02 5.86183786e-01 4.59350049e-02
      5.79182386e-01 4.96015698e-02 5.68563879e-01 4.99694161e-02
      5.62885046e-01 4.86477204e-02 5.56451738e-01 4.57660556e-02
      5.51288843e-01 4.19456698e-02 5.47186792e-01 3.75348590e-02
      5.43872654e-01 3.22612002e-02 5.43246150e-01 3.09467595e-02
      5.41355073e-01 2.57685073e-02 5.40329993e-01 1.93740632e-02
      5.40566385e-01 1.30263818e-02 5.42044461e-01 6.71590678e-03
      5.44976652e-01 3.95150972e-04 5.48672736e-01 -4.65141796e-03
      5.53496003e-01 -9.05193388e-03 5.59470832e-01 -1.26464246e-02
      5.65351486e-01 -1.47776613e-02 5.71883976e-01 -1.58424713e-02
      5.79276562e-01 -1.46025373e-02 5.88070035e-01 -1.04604634e-02
      5.95428586e-01 -5.11091202e-03 5.99106371e-01 -1.08789920e-03</contour2d>
    <histogram type_id="opencv-matrix">
      <rows>20</rows>
      <cols>1</cols>
      <dt>f</dt>
      <data>
        0. 6.65156469e-02 2.61532124e-02 5.89991748e-01 3.45963761e-02
        1.25617785e-02 2.47116969e-03 0. 0. 0. 0. 0. 0. 0. 0. 0. 0. 0.
        1.23558484e-03 2.66474456e-01</data></histogram></_></obj>
</opencv_storage>
