<?xml version="1.0"?>
<opencv_storage>
<obj>
  <_><id>1</id>
    <height>7.1702778339385986e-02</height>
    <contour2d>
      5.98037064e-01 -1.84147879e-02 5.97506166e-01 1.07779801e-02
      5.73050201e-01 1.86319835e-02 5.67609251e-01 1.52035691e-02
      5.56698740e-01 7.33580999e-03 5.56618989e-01 -8.02749768e-03
      5.62121749e-01 -2.61440296e-02 5.63299358e-01 -2.77356990e-02
      5.64721167e-01 -2.85306275e-02 5.71276903e-01 -2.84968428e-02
      5.78827441e-01 -2.72040945e-02 5.84585309e-01 -2.57972647e-02
      5.96924424e-01 -1.99557319e-02</contour2d>
    <histogram type_id="opencv-matrix">
      <rows>20</rows>
      <cols>1</cols>
      <dt>f</dt>
      <data>
        5.07614203e-03 2.36886628e-02 1.01522841e-02 1.69204734e-03
        3.38409469e-03 3.38409469e-03 0. 0. 1.52284261e-02
        8.62944126e-02 3.58714044e-01 3.75634521e-01 4.73773256e-02
        2.19966155e-02 5.07614203e-03 0. 1.69204734e-03 3.38409469e-03
        2.70727575e-02 1.01522841e-02</data></histogram></_>
  <_><id>2</id>
    <height>7.4991285800933838e-02</height>
    <contour2d>
      5.26082277e-01 4.27304916e-02 5.23952246e-01 4.84795533e-02
      5.21842062e-01 4.99095358e-02 5.09953380e-01 5.36738187e-02
      4.98229980e-01 5.55578806e-02 4.97149050e-01 5.55529073e-02
      4.90068555e-01 4.47147898e-02 4.84965861e-01 3.59817073e-02
      4.84972626e-01 3.45142633e-02 4.90688264e-01 1.63923111e-02
      4.98402476e-01 1.26729738e-02 4.99485910e-01 1.26779610e-02
      5.18744528e-01 1.81834232e-02 5.19787133e-01 1.96244661e-02
      5.21961272e-01 2.39952710e-02 5.26108742e-01 3.69717665e-02</contour2d>
    <histogram type_id="opencv-matrix">
      <rows>20</rows>
      <cols>1</cols>
      <dt>f</dt>
      <data>
        2.81293946e-03 1.40646975e-02 4.21940908e-03 0. 0. 0.
        1.40646973e-03 0. 0. 1.96905769e-02 1.35021091e-01
        3.00984532e-01 1.33614630e-01 2.10970454e-02 8.43881816e-03
        5.62587893e-03 2.81293946e-03 0. 3.50210965e-01 0.</data></histogram></_>
  <_><id>3</id>
    <height>1.3666093349456787e-01</height>
    <contour2d>
      5.21018207e-01 -8.32307525e-03 5.11000752e-01 -4.81249392e-03
      5.02265692e-01 -4.54468001e-03 4.99957234e-01 -4.57622204e-03
      4.93507355e-01 -6.93061715e-03 4.90304828e-01 -8.31701700e-03
      4.89413619e-01 -9.83173307e-03 4.88422573e-01 -1.27276471e-02
      4.88735110e-01 -1.81563701e-02 4.90738690e-01 -3.95490378e-02
      4.93941367e-01 -4.59221192e-02 4.94888902e-01 -4.69912700e-02
      5.09581268e-01 -4.98882383e-02 5.11671662e-01 -4.98754084e-02
      5.24461150e-01 -4.00800891e-02 5.26531279e-01 -3.42945717e-02
      5.27640045e-01 -2.71447301e-02 5.27699590e-01 -2.14167722e-02
      5.25363386e-01 -1.55401863e-02 5.23136377e-01 -1.11895334e-02</contour2d>
    <histogram type_id="opencv-matrix">
      <rows>20</rows>
      <cols>1</cols>
      <dt>f</dt>
      <data>
        1.29533675e-03 3.88601026e-03 2.59067351e-03 2.59067351e-03
        3.88601026e-03 0. 0. 0. 0. 1.94300506e-02 2.29274601e-01
        5.19430041e-01 5.05181327e-02 1.42487045e-02 5.18134702e-03 0.
        0. 0. 1.47668391e-01 0.</data></histogram></_>
  <_><id>4</id>
    <height>5.9756398200988770e-02</height>
    <contour2d>
      4.70061660e-01 3.05997934e-02 4.75078821e-01 3.75600159e-02
      4.79245007e-01 4.90165055e-02 4.79219317e-01 5.32052815e-02
      4.72213626e-01 6.76238313e-02 4.70185518e-01 7.03657717e-02
      4.51495051e-01 7.10204467e-02 4.45480645e-01 6.92781061e-02
      4.37574565e-01 6.54748306e-02 4.36318874e-01 4.75790463e-02
      4.36361909e-01 4.05630469e-02 4.39478815e-01 3.35659124e-02
      4.42569852e-01 3.07783652e-02 4.45610762e-01 2.94597596e-02</contour2d>
    <histogram type_id="opencv-matrix">
      <rows>20</rows>
      <cols>1</cols>
      <dt>f</dt>
      <data>
        1.92307699e-02 1.92307699e-02 1.02564106e-02 1.28205132e-03
        7.69230817e-03 0. 0. 2.56410264e-03 1.28205132e-03
        1.41025642e-02 2.35897437e-01 3.55128229e-01 9.23076943e-02
        1.28205130e-02 0. 6.41025649e-03 2.56410264e-03 1.28205132e-03
        2.17948720e-01 0.</data></histogram></_></obj>
</opencv_storage>
