<?xml version="1.0"?>
<opencv_storage>
<obj>
  <_><id>1</id>
    <height>2.0730984210968018e-01</height>
    <contour2d>
      5.85930586e-01 1.88832030e-01 5.85898519e-01 2.05877677e-01
      5.84016442e-01 2.10797250e-01 5.80282986e-01 2.16678157e-01
      5.78429401e-01 2.18954980e-01 5.72871089e-01 2.23134220e-01
      5.65612555e-01 2.26959214e-01 5.58396220e-01 2.28153467e-01
      5.53074241e-01 2.28416607e-01 5.47983527e-01 2.28430450e-01
      5.42414546e-01 2.27412954e-01 5.37665844e-01 2.24812806e-01
      5.32120526e-01 2.20305309e-01 5.28075993e-01 2.15254322e-01
      5.24942696e-01 2.09253535e-01 5.23127675e-01 2.03067929e-01
      5.22549868e-01 1.96553767e-01 5.23240328e-01 1.90162137e-01
      5.25269687e-01 1.83828086e-01 5.28240979e-01 1.78386837e-01
      5.32523155e-01 1.73281685e-01 5.37548304e-01 1.69262961e-01
      5.43192327e-01 1.66316375e-01 5.49490333e-01 1.64481148e-01
      5.55822790e-01 1.63914457e-01 5.62018037e-01 1.64577812e-01
      5.68126321e-01 1.66525826e-01 5.73500872e-01 1.69498518e-01
      5.80385625e-01 1.77532047e-01 5.84093332e-01 1.83312908e-01</contour2d>
    <histogram type_id="opencv-matrix">
      <rows>20</rows>
      <cols>1</cols>
      <dt>f</dt>
      <data>
        0. 4.34134528e-02 2.23588590e-02 6.48965895e-01 2.40357742e-02
        7.63927680e-03 5.58971486e-04 0. 0. 0. 0. 0. 0. 0. 0. 0. 0. 0.
        1.86323829e-04 2.52841443e-01</data></histogram></_></obj>
</opencv_storage>
