<?xml version="1.0"?>
<opencv_storage>
<obj>
  <_><id>1</id>
    <height>7.3513984680175781e-02</height>
    <contour2d>
      5.28203130e-01 -6.49280399e-02 5.30310929e-01 -6.34749383e-02
      5.31362593e-01 -6.20250814e-02 5.33623874e-01 -4.19734344e-02
      5.30287027e-01 -2.30278783e-02 5.27093291e-01 -1.72371604e-02
      5.22684038e-01 -1.57172140e-02 5.16198039e-01 -1.42174782e-02
      5.15149534e-01 -1.42206969e-02 5.12486577e-01 -1.89753138e-02
      5.06692410e-01 -3.56094725e-02 5.06087363e-01 -4.08058316e-02
      5.06091833e-01 -4.22663465e-02 5.07887542e-01 -6.14857860e-02
      5.08075416e-01 -6.19437136e-02 5.09827495e-01 -6.40257373e-02</contour2d>
    <histogram type_id="opencv-matrix">
      <rows>20</rows>
      <cols>1</cols>
      <dt>f</dt>
      <data>
        0. 0. 0. 0. 4.06504050e-03 1.35501358e-03 0. 0. 0.
        2.71002715e-03 9.62059647e-02 3.33333343e-01 2.16802172e-02
        1.35501358e-03 2.71002715e-03 1.35501358e-03 0. 0. 0.
        5.35230339e-01</data></histogram></_>
  <_><id>2</id>
    <height>6.8456411361694336e-02</height>
    <contour2d>
      5.71280301e-01 1.37954801e-02 5.85962474e-01 1.99883673e-02
      5.87065458e-01 2.15078425e-02 5.89262068e-01 2.75790785e-02
      5.90109110e-01 3.68780605e-02 5.90104461e-01 3.84028479e-02
      5.80299020e-01 6.09061345e-02 5.77964067e-01 6.37888163e-02
      5.69924593e-01 6.18347116e-02 5.62652051e-01 5.94678409e-02
      5.61546564e-01 5.79448752e-02 5.59395671e-01 5.11149094e-02
      5.58221638e-01 4.65160832e-02 5.58226228e-01 4.50225510e-02
      5.59427798e-01 4.06359322e-02 5.64941883e-01 2.56827064e-02
      5.70175707e-01 1.52977919e-02</contour2d>
    <histogram type_id="opencv-matrix">
      <rows>20</rows>
      <cols>1</cols>
      <dt>f</dt>
      <data>
        0. 0. 0. 0. 0. 0. 0. 0. 0. 1.47492625e-03 1.09144539e-01
        3.93805295e-01 4.42477874e-02 5.89970499e-03 4.42477874e-03
        1.47492625e-03 0. 0. 0. 4.39528018e-01</data></histogram></_>
  <_><id>3</id>
    <height>6.7941725254058838e-02</height>
    <contour2d>
      5.43451071e-01 8.26631039e-02 5.33818364e-01 8.59436616e-02
      5.29473722e-01 8.71790200e-02 5.20838916e-01 8.67426842e-02
      5.14449656e-01 8.36387649e-02 5.09069622e-01 7.89280161e-02
      5.02999246e-01 7.24263489e-02 5.01909971e-01 7.08096474e-02
      4.98690993e-01 6.47214204e-02 5.00711620e-01 5.58462776e-02
      5.08128345e-01 4.45389785e-02 5.10242045e-01 4.31872606e-02
      5.11322498e-01 4.29960862e-02 5.16404688e-01 4.58894745e-02
      5.27364433e-01 5.36946878e-02 5.36116481e-01 6.28390685e-02
      5.41632175e-01 7.04678297e-02 5.44535995e-01 7.97210187e-02</contour2d>
    <histogram type_id="opencv-matrix">
      <rows>20</rows>
      <cols>1</cols>
      <dt>f</dt>
      <data>
        0. 0. 1.66389346e-03 0. 0. 0. 0. 0. 0. 3.32778692e-03
        1.33111477e-01 2.31281191e-01 2.99500823e-02 1.83028281e-02 0.
        0. 0. 0. 0. 5.82362711e-01</data></histogram></_>
  <_><id>4</id>
    <height>6.7165732383728027e-02</height>
    <contour2d>
      5.36858082e-01 -1.79032356e-01 5.34711301e-01 -1.73210636e-01
      5.33642352e-01 -1.71756864e-01 5.16826689e-01 -1.59155145e-01
      5.08930564e-01 -1.55747578e-01 5.06821930e-01 -1.55754060e-01
      5.04756927e-01 -1.56138986e-01 4.97227371e-01 -1.69991195e-01
      4.93048906e-01 -1.82419509e-01 4.93053257e-01 -1.83845282e-01
      5.17422855e-01 -1.99973688e-01 5.22860885e-01 -2.00929567e-01
      5.24974585e-01 -2.00923085e-01 5.27083814e-01 -1.99469984e-01
      5.28136253e-01 -1.98020071e-01 5.36871493e-01 -1.83403522e-01</contour2d>
    <histogram type_id="opencv-matrix">
      <rows>20</rows>
      <cols>1</cols>
      <dt>f</dt>
      <data>
        2.01863348e-02 4.65838537e-02 9.31677036e-03 1.55279506e-03 0.
        0. 0. 0. 0. 1.55279506e-03 6.36646003e-02 2.42236033e-01
        2.48447210e-02 1.08695654e-02 1.24223605e-02 3.10559012e-03
        3.10559012e-03 0. 0. 5.60559034e-01</data></histogram></_></obj>
</opencv_storage>
